10,191
10,70
10,86
10,294
10,217
10,287
10,78
10,277
10,2
10,3
11,11
11,28
11,5
11,14
11,4
11,26
11,2
11,3
9,7
9,4
9,6
9,2
9,3
8,16
8,11
8,13
8,17
8,2
8,3
0,520
12,2
76,4
76,3
76,2
76,1
76,0
75,13
75,12
75,11
75,10
75,9
75,8
75,7
75,6
75,5
75,4
75,3
75,2
75,1
75,0
74,26
74,25
74,24
74,23
74,22
74,21
74,20
74,19
74,18
74,17
74,16
74,15
74,14
74,13
74,12
74,11
74,10
74,9
74,8
74,7
74,6
74,5
74,4
74,3
74,2
74,1
74,0
69,4
69,3
69,2
69,1
69,0
68,4
68,3
68,1
57,4
57,3
57,1
49,6
49,5
49,4
49,3
20,2
49,2
20,1
49,1
20,3
49,0
44,2
43,15
43,14
43,13
43,12
43,11
43,10
43,9
43,8
43,7
43,6
43,5
43,4
43,1
42,3
42,1
40,5
40,3
40,1
38,4
38,3
38,2
38,1
35,4
35,2
35,1
28,1
